Line	DTH	CL	PN	PL	RL	PBN	SBN	SN
Line1	98 	112.0 	7.0 	26.7 	19.6 	12.7 	41.3 	206.3 
Line2	87 	95.7 	9.0 	23.4 	18.6 	12.7 	39.0 	199.0 
Line3	93 	109.7 	9.0 	24.6 	20.7 	16.7 	36.0 	210.0 
Line4	89 	82.6 	9.0 	22.8 	16.1 	9.7 	26.3 	139.7 
Line5	98 	103.1 	11.0 	23.1 	17.1 	10.3 	24.3 	136.0 
Line6	98 	112.7 	7.0 	27.1 	21.8 	12.7 	34.0 	184.7 
Line7	91 	112.7 	10.0 	31.8 	23.7 	13.7 	37.7 	223.7 
Line8	111 	110.1 	8.0 	25.9 	15.8 	12.3 	48.3 	206.0 
Line9	97 	115.5 	7.0 	23.1 	12.1 	12.7 	38.3 	188.0 
Line10	108 	113.4 	7.0 	24.2 	20.6 	14.7 	37.3 	192.3 
Line11	98 	108.7 	7.0 	23.4 	19.0 	13.0 	29.3 	164.3 
Line12	95 	116.5 	9.0 	25.6 	21.5 	13.3 	37.7 	180.7 
Line13	87 	103.4 	8.0 	20.7 	14.7 	11.7 	35.7 	172.3 
Line14	109 	94.1 	9.0 	26.5 	14.1 	13.3 	44.3 	220.7 
Line15	88 	93.6 	10.0 	22.6 	17.5 	11.3 	22.3 	138.3 
Line16	111 	102.9 	8.0 	26.8 	19.7 	14.0 	45.0 	221.0 
Line17	86 	83.9 	11.0 	20.3 	15.9 	12.3 	25.3 	132.7 
Line18	97 	110.6 	9.0 	25.3 	17.7 	12.0 	31.7 	162.3 
Line19	105 	85.5 	11.0 	23.5 	18.0 	10.3 	30.0 	154.0 
Line20	96 	105.5 	9.0 	24.5 	15.5 	12.0 	28.0 	138.3 
Line21	88 	95.1 	10.0 	22.2 	16.4 	11.3 	22.3 	140.3 
Line22	111 	114.0 	9.0 	24.9 	19.8 	11.7 	35.3 	200.7 
Line23	96 	89.1 	9.0 	22.2 	15.7 	10.3 	27.0 	144.3 
Line24	94 	72.7 	12.0 	21.0 	16.2 	11.7 	22.7 	132.0 
Line25	108 	106.8 	11.0 	26.5 	17.5 	12.3 	39.0 	190.0 
Line26	89 	81.9 	10.0 	21.5 	14.9 	11.0 	29.0 	150.0 
Line27	113 	85.3 	11.0 	24.3 	14.7 	10.7 	29.0 	158.3 
Line28	111 	110.3 	11.0 	26.5 	20.4 	12.0 	32.7 	169.0 
Line29	111 	84.7 	9.0 	24.2 	15.1 	11.3 	31.3 	151.7 
Line30	109 	99.6 	10.0 	25.9 	16.6 	13.3 	43.0 	194.0 
Line31	102 	96.0 	10.0 	24.2 	18.5 	13.0 	34.0 	178.3 
Line32	86 	79.4 	10.0 	22.1 	17.6 	11.0 	17.3 	112.7 
Line33	96 	93.4 	11.0 	23.8 	17.4 	10.3 	27.3 	140.7 
Line34	84 	71.1 	11.0 	20.8 	16.0 	11.7 	27.7 	151.3 
Line35	112 	89.1 	11.0 	21.4 	16.5 	10.7 	35.3 	192.7 
Line36	96 	88.1 	10.0 	22.2 	16.4 	10.0 	25.3 	135.0 
Line37	79 	86.2 	10.0 	23.5 	17.5 	10.0 	23.7 	144.0 
Line38	91 	91.9 	10.0 	22.6 	17.9 	12.0 	23.7 	135.3 
Line39	88 	81.9 	11.0 	20.5 	15.3 	11.3 	29.0 	162.7 
Line40	88 	70.2 	10.0 	21.4 	15.6 	9.3 	20.3 	117.3 
Line41	98 	89.6 	12.0 	20.3 	14.3 	12.0 	16.7 	112.0 
Line42	91 	88.0 	12.0 	22.6 	16.9 	10.3 	24.0 	127.0 
Line43	105 	87.2 	10.5 	26.9 	19.4 	10.3 	25.0 	133.3 
Line44	95 	78.2 	12.0 	21.6 	16.1 	9.3 	18.7 	110.7 
Line45	111 	105.6 	10.0 	27.3 	17.1 	13.3 	35.3 	165.3 
Line46	105 	74.2 	12.0 	22.7 	17.8 	11.7 	26.0 	141.3 
Line47	91 	85.5 	10.0 	22.5 	14.5 	10.7 	22.3 	124.7 
Line48	100 	95.5 	9.0 	23.2 	14.8 	12.7 	29.3 	163.3 
Line49	109 	86.1 	11.0 	24.2 	19.4 	13.3 	28.7 	170.3 
Line50	86 	85.1 	10.0 	23.8 	15.4 	10.3 	26.7 	144.0 
Line51	85 	77.2 	10.0 	22.9 	16.2 	9.7 	23.3 	128.3 
Line52	88 	84.1 	9.0 	23.2 	19.5 	12.3 	20.0 	131.7 
Line53	90 	76.7 	11.0 	20.0 	15.0 	12.0 	29.0 	159.3 
Line54	89 	74.8 	12.0 	18.7 	14.8 	12.7 	20.7 	135.0 
Line55	89 	74.7 	10.0 	20.9 	15.6 	11.3 	27.3 	132.3 
Line56	104 	87.7 	12.0 	21.9 	16.8 	13.7 	27.7 	168.3 
Line57	103 	87.9 	11.0 	21.3 	17.4 	12.0 	34.7 	173.7 
Line58	88 	75.4 	11.0 	21.1 	14.9 	11.7 	22.7 	135.7 
Line59	98 	90.6 	10.0 	22.9 	14.1 	9.7 	28.3 	138.7 
Line60	89 	88.1 	11.0 	20.0 	13.6 	11.7 	26.0 	146.3 
Line61	90 	92.4 	9.0 	21.9 	16.9 	11.7 	22.7 	142.0 
Line62	85 	83.4 	11.0 	20.2 	14.5 	10.7 	30.3 	153.7 
Line63	91 	81.3 	8.0 	21.1 	16.9 	11.7 	21.3 	132.0 
Line64	102 	92.9 	9.0 	23.8 	18.3 	12.7 	31.0 	166.7 
Line65	89 	87.4 	12.0 	20.2 	15.3 	10.7 	25.0 	141.3 
Line66	91 	91.8 	10.7 	21.6 	16.9 	12.0 	32.3 	176.7 
Line67	89 	88.7 	9.3 	22.5 	16.9 	10.3 	22.7 	126.7 
Line68	103 	83.2 	12.7 	23.3 	17.6 	9.0 	16.0 	123.0 
Line69	98 	88.1 	12.0 	22.9 	17.3 	11.0 	22.0 	131.7 
Line70	97 	80.3 	11.0 	21.3 	15.3 	11.0 	14.7 	110.7 
Line71	102 	94.3 	11.0 	24.9 	18.8 	11.3 	28.0 	147.0 
Line72	93 	75.5 	10.0 	22.1 	18.2 	12.3 	20.0 	124.3 
Line73	112 	78.9 	11.0 	21.5 	15.9 	9.7 	23.7 	129.3 
Line74	96 	80.0 	14.0 	20.9 	14.8 	9.3 	19.0 	100.7 
Line75	111 	81.5 	12.3 	22.7 	15.6 	9.0 	22.0 	120.0 
Line76	89 	68.6 	10.0 	20.1 	14.4 	9.3 	22.7 	119.3 
Line77	88 	82.9 	10.5 	21.1 	10.6 	10.7 	25.3 	137.0 
Line78	113 	89.7 	12.0 	23.2 	17.3 	11.0 	27.0 	140.7 
Line79	106 	77.1 	12.0 	22.2 	13.2 	9.3 	25.7 	140.3 
Line80	95 	88.8 	13.5 	21.8 	11.7 	9.7 	22.0 	114.3 
Line81	99 	73.3 	13.0 	22.2 	17.0 	10.3 	15.0 	101.7 
Line82	93 	86.0 	15.0 	19.0 	13.2 	10.0 	20.0 	111.0 
Line83	111 	74.9 	13.0 	22.3 	16.7 	11.0 	27.7 	148.7 
Line84	112 	75.8 	14.0 	19.5 	14.1 	10.3 	26.7 	134.7 
Line85	96 	83.3 	10.0 	24.1 	14.0 	10.0 	20.7 	117.7 
Line86	88 	88.4 	10.0 	23.0 	17.1 	10.0 	27.3 	137.3 
Line87	92 	81.8 	12.7 	21.9 	16.2 	10.0 	18.0 	109.0 
Line88	91 	83.1 	12.0 	23.6 	16.8 	9.7 	19.0 	114.0 
Line89	88 	76.7 	14.0 	18.7 	14.6 	11.0 	25.0 	134.3 
Line90	110 	66.1 	13.0 	21.7 	16.3 	10.0 	19.0 	115.3 
Line91	90 	80.1 	13.3 	23.0 	15.3 	11.0 	19.0 	123.3 
Line92	90 	91.1 	10.0 	21.8 	16.5 	11.7 	24.0 	139.7 
Line93	98 	79.8 	10.0 	22.3 	16.2 	10.0 	20.7 	116.7 
Line94	108 	89.5 	14.0 	24.2 	16.2 	9.7 	28.3 	136.0 
Line95	91 	69.0 	12.0 	19.7 	14.4 	9.7 	16.3 	99.3 
Line96	95 	80.2 	16.0 	18.8 	12.1 	9.5 	11.7 	102.5 
Line97	88 	89.5 	13.0 	22.3 	17.4 	12.7 	26.7 	145.7 
Line98	116 	82.2 	16.0 	21.8 	16.7 	11.0 	29.7 	117.3 
Line99	90 	72.2 	9.5 	19.6 	13.9 	8.7 	15.0 	94.3 
Line100	92 	95.4 	15.0 	21.3 	16.1 	10.7 	23.0 	125.3 
Line101	109 	87.6 	12.0 	22.8 	17.4 	10.0 	23.3 	127.3 
Line102	96 	92.3 	14.0 	19.6 	13.9 	10.7 	13.5 	98.0 
Line103	109 	93.1 	14.0 	23.6 	15.9 	11.3 	25.0 	131.0 
Line104	103 	77.6 	13.0 	21.7 	16.0 	12.0 	17.3 	108.7 
Line105	94 	76.9 	13.0 	21.5 	16.7 	11.0 	18.3 	113.3 
Line106	89 	70.0 	19.0 	18.8 	13.2 	9.0 	9.0 	76.7 
Line107	88 	70.0 	13.0 	18.4 	11.0 	10.3 	17.3 	74.7 
Line108	96 	75.8 	13.0 	20.9 	12.6 	10.3 	17.3 	100.7 
Line109	108 	88.9 	13.0 	23.9 	19.3 	12.0 	28.3 	149.3 
Line110	93 	71.3 	10.0 	20.8 	12.2 	9.7 	21.3 	113.3 
Line111	110 	86.4 	13.5 	25.0 	19.1 	10.3 	17.0 	108.3 
Line112	107 	103.1 	12.0 	24.0 	16.8 	9.3 	19.7 	107.3 
Line113	97 	85.6 	9.0 	20.9 	15.1 	8.3 	14.3 	88.7 
Line114	111 	78.7 	12.0 	23.0 	16.3 	9.3 	25.7 	125.0 
Line115	110 	86.5 	13.0 	22.4 	15.9 	9.7 	22.0 	120.0 
Line116	98 	69.8 	12.0 	20.3 	12.4 	8.0 	13.7 	80.3 
Line117	102 	75.3 	16.0 	21.5 	14.1 	8.7 	21.3 	111.7 
Line118	92 	76.0 	8.0 	24.0 	17.9 	11.7 	23.3 	142.3 
Line119	92 	86.5 	13.0 	19.6 	14.9 	10.7 	16.3 	110.0 
Line120	95 	98.2 	10.0 	26.0 	19.9 	12.7 	31.7 	172.0 
Line121	100 	80.5 	12.0 	24.1 	17.8 	9.5 	10.0 	99.0 
Line122	87 	84.1 	17.0 	22.6 	14.1 	10.3 	20.7 	118.3 
Line123	105 	78.1 	11.0 	22.7 	16.3 	11.3 	23.3 	132.0 
Line124	87 	71.1 	15.0 	17.0 	12.8 	10.3 	17.7 	109.7 
Line125	91 	77.1 	12.0 	20.8 	14.5 	8.7 	15.3 	95.0 
Line126	95 	77.5 	12.0 	21.8 	16.2 	10.7 	23.0 	124.3 
Line127	94 	74.8 	16.0 	19.5 	14.3 	9.0 	15.0 	92.0 
Line128	105 	73.9 	13.0 	22.4 	14.3 	9.3 	25.7 	126.7 
Line129	75 	66.7 	13.0 	17.6 	12.3 	8.7 	13.7 	84.7 
Line130	85 	52.5 	14.0 	18.1 	12.7 	8.0 	8.7 	68.3 
Line131	81 	65.3 	11.0 	20.2 	14.6 	9.0 	18.0 	106.3 
Line132	108 	74.2 	13.0 	21.6 	15.4 	10.3 	18.7 	112.0 
Line133	86 	72.5 	15.0 	16.3 	11.8 	10.0 	13.0 	101.0 
Line134	90 	77.5 	9.0 	23.8 	19.0 	11.7 	17.0 	114.3 
Line135	87 	62.0 	15.0 	15.8 	10.8 	9.3 	14.3 	95.7 
Line136	107 	68.7 	11.0 	20.5 	13.0 	9.3 	12.0 	77.3 
Line137	110 	82.6 	12.0 	23.3 	14.6 	12.0 	28.3 	153.0 
Line138	85 	74.5 	13.0 	18.1 	12.8 	8.3 	12.3 	79.7 
Line139	99 	80.6 	13.0 	21.8 	15.6 	9.0 	17.3 	102.3 
Line140	91 	78.0 	12.0 	18.9 	14.3 	11.3 	12.7 	98.3 
Line141	83 	61.7 	11.0 	16.4 	9.3 	7.3 	7.7 	63.3 
Line142	91 	96.5 	9.0 	22.0 	16.7 	12.7 	30.7 	176.3 
Line143	91 	109.6 	10.0 	25.3 	19.7 	14.3 	30.0 	175.3 
Line144	99 	101.8 	15.0 	26.4 	16.7 	8.7 	15.7 	99.7 
Line145	91 	96.1 	11.0 	20.2 	15.5 	11.7 	20.0 	134.0 
Line146	108 	95.7 	12.0 	24.0 	20.0 	13.0 	29.7 	161.7 
Line147	93 	93.9 	10.0 	20.4 	15.4 	14.3 	23.7 	149.3 
Line148	102 	94.9 	11.0 	23.0 	17.9 	11.7 	24.0 	144.7 
Line149	118 	89.5 	14.0 	22.0 	15.4 	10.7 	34.0 	172.7 
Line150	115 	99.9 	13.0 	24.2 	16.0 	8.7 	25.7 	132.7 
Line151	84 	72.7 	13.0 	18.8 	11.9 	8.0 	23.3 	90.3 
Line152	110 	109.2 	10.0 	26.0 	19.5 	12.7 	48.7 	232.3 
Line153	113 	106.8 	9.0 	25.6 	20.0 	13.0 	35.0 	176.7 
Line154	115 	89.0 	12.0 	23.4 	17.6 	9.7 	21.0 	105.3 
Line155	114 	94.6 	11.5 	23.9 	18.5 	10.0 	31.0 	158.0 
Line156	103 	121.4 	8.0 	19.2 	13.6 	8.0 	9.0 	120.0 
Line157	82 	88.9 	5.0 	23.7 	16.5 	13.0 	46.3 	232.0 
Line158	111 	116.2 	11.0 	28.5 	22.9 	13.7 	26.3 	157.3 
Line159	94 	114.8 	9.3 	29.7 	26.1 	15.7 	29.0 	198.3 
Line160	107 	109.7 	9.0 	23.3 	16.8 	12.7 	31.7 	160.7 
Line161	120 	94.8 	10.0 	21.3 	13.2 	11.3 	39.0 	186.3 
Line162	82 	85.1 	7.3 	24.2 	17.8 	14.0 	47.3 	92.7 
Line163	67 	66.0 	14.0 	13.5 	9.3 	7.3 	7.0 	61.0 
Line164	89 	112.7 	9.0 	23.5 	18.9 	15.7 	35.0 	199.3 
Line165	87 	74.8 	7.0 	20.0 	13.7 	10.3 	25.7 	137.3 
Line166	92 	91.3 	16.0 	20.1 	13.4 	11.7 	9.7 	93.0 
Line167	113 	84.3 	12.0 	23.4 	16.7 	9.0 	23.0 	123.7 
Line168	113 	111.8 	11.0 	26.4 	19.7 	11.7 	36.7 	183.0 
Line169	124 	107.9 	15.0 	22.7 	18.2 	16.0 	17.7 	175.0 
